20250101	0
20250102	1
20250103	2
20250104	3
20250105	4
20250106	5
20250107	6
20250108	7
20250109	8
20250110	9
20250111	10
20250112	11
20250113	12
20250114	13
20250115	14
20250116	15
20250117	16
20250118	17
20250119	18
20250120	19
20250121	20
20250122	21
20250123	22
20250124	23
20250125	24
20250126	25
20250127	26
20250128	27
20250129	28
20250130	29
20250131	30
20250201	31
20250202	32
20250203	33
20250204	34
20250205	35
20250206	36
20250207	37
20250208	38
20250209	39
20250210	40
20250211	41
20250212	42
20250213	43
20250214	44
20250215	45
20250216	46
20250217	47
20250218	48
20250219	49
20250220	50
20250221	51
20250222	52
20250223	53
20250224	54
20250225	55
20250226	56
20250227	57
20250228	58
20250301	59
20250302	60
20250303	61
20250304	62
20250305	63
20250306	64
20250307	65
20250308	66
20250309	67
20250310	68
20250311	69
20250312	70
20250313	71
20250314	72
20250315	73
20250316	74
20250317	75
20250318	76
20250319	77
20250320	78
20250321	79
20250322	80
20250323	81
20250324	82
20250325	83
20250326	84
20250327	85
20250328	86
20250329	87
20250330	88
20250331	89
20250401	90
20250402	91
20250403	92
20250404	93
20250405	94
20250406	95
20250407	96
20250408	97
20250409	98
20250410	99
20250411	100
20250412	101
20250413	102
20250414	103
20250415	104
20250416	105
20250417	106
20250418	107
20250419	108
20250420	109
20250421	110
20250422	111
20250423	112
20250424	113
20250425	114
20250426	115
20250427	116
20250428	117
20250429	118
20250430	119
20250501	120
20250502	121
20250503	122
20250504	123
20250505	124
20250506	125
20250507	126
20250508	127
20250509	128
20250510	129
20250511	130
20250512	131
20250513	132
20250514	133
20250515	134
20250516	135
20250517	136
20250518	137
20250519	138
20250520	139
20250521	140
20250522	141
20250523	142
20250524	143
20250525	144
20250526	145
20250527	146
20250528	147
20250529	148
20250530	149
20250531	150
20250601	151
20250602	152
20250603	153
20250604	154
20250605	155
20250606	156
20250607	157
20250608	158
20250609	159
20250610	160
20250611	161
20250612	162
20250613	163
20250614	164
20250615	165
20250616	166
20250617	167
20250618	168
20250619	169
20250620	170
20250621	171
20250622	172
20250623	173
20250624	174
20250625	175
20250626	176
20250627	177
20250628	178
20250629	179
20250630	180
20250701	181
20250702	182
20250703	183
20250704	184
20250705	185
20250706	186
20250707	187
20250708	188
20250709	189
20250710	190
20250711	191
20250712	192
20250713	193
20250714	194
20250715	195
20250716	196
20250717	197
20250718	198
20250719	199
20250720	200
20250721	201
20250722	202
20250723	203
20250724	204
20250725	205
20250726	206
20250727	207
20250728	208
20250729	209
20250730	210
20250731	211
20250801	212
20250802	213
20250803	214
20250804	215
20250805	216
20250806	217
20250807	218
20250808	219
20250809	220
20250810	221
20250811	222
20250812	223
20250813	224
20250814	225
20250815	226
20250816	227
20250817	228
20250818	229
20250819	230
20250820	231
20250821	232
20250822	233
20250823	234
20250824	235
20250825	236
20250826	237
20250827	238
20250828	239
20250829	240
20250830	241
20250831	242
20250901	243
20250902	244
20250903	245
20250904	246
20250905	247
20250906	248
20250907	249
20250908	250
20250909	251
20250910	252
20250911	253
20250912	254
20250913	255
20250914	256
20250915	257
20250916	258
20250917	259
20250918	260
20250919	261
20250920	262
20250921	263
20250922	264
20250923	265
20250924	266
20250925	267
20250926	268
20250927	269
20250928	270
20250929	271
20250930	272
20251001	273
20251002	274
20251003	275
20251004	276
20251005	277
20251006	278
20251007	279
20251008	280
20251009	281
20251010	282
20251011	283
20251012	284
20251013	285
20251014	286
20251015	287
20251016	288
20251017	289
20251018	290
20251019	291
20251020	292
20251021	293
20251022	294
20251023	295
20251024	296
20251025	297
20251026	298
20251027	299
20251028	300
20251029	301
20251030	302
20251031	303
20251101	304
20251102	305
20251103	306
20251104	307
20251105	308
20251106	309
20251107	310
20251108	311
20251109	312
20251110	313
20251111	314
20251112	315
20251113	316
20251114	317
20251115	318
20251116	319
20251117	320
20251118	321
20251119	322
20251120	323
20251121	324
20251122	325
20251123	326
20251124	327
20251125	328
20251126	329
20251127	330
20251128	331
20251129	332
20251130	333
20251201	334
20251202	335
20251203	336
20251204	337
20251205	338
20251206	339
20251207	340
20251208	341
20251209	342
20251210	343
20251211	344
20251212	345
20251213	346
20251214	347
20251215	348
20251216	349
20251217	350
20251218	351
20251219	352
20251220	353
20251221	354
20251222	355
20251223	356
20251224	357
20251225	358
20251226	359
20251227	360
20251228	361
20251229	362
20251230	363
20251231	364
20260101	365
