20240102	0
20240103	1
20240104	2
20240105	3
20240108	4
20240109	5
20240110	6
20240111	7
20240112	8
20240115	9
20240116	10
20240117	11
20240118	12
20240119	13
20240122	14
20240123	15
20240124	16
20240125	17
20240126	18
20240129	19
20240130	20
20240131	21
20240201	22
20240202	23
20240205	24
20240206	25
20240207	26
20240208	27
20240219	28
20240220	29
20240221	30
20240222	31
20240223	32
20240226	33
20240227	34
20240228	35
20240229	36
20240301	37
20240304	38
20240305	39
20240306	40
20240307	41
20240308	42
20240311	43
20240312	44
20240313	45
20240314	46
20240315	47
20240318	48
20240319	49
20240320	50
20240321	51
20240322	52
20240325	53
20240326	54
20240327	55
20240328	56
20240402	57
20240403	58
20240408	59
20240409	60
20240410	61
20240411	62
20240412	63
20240415	64
20240416	65
20240417	66
20240418	67
20240419	68
20240422	69
20240423	70
20240424	71
20240425	72
20240426	73
20240429	74
20240430	75
20240506	76
20240507	77
20240508	78
20240509	79
20240510	80
20240513	81
20240514	82
20240516	83
20240517	84
20240520	85
20240521	86
20240522	87
20240523	88
20240524	89
20240527	90
20240528	91
20240529	92
20240530	93
20240531	94
20240603	95
20240604	96
20240605	97
20240606	98
20240607	99
20240611	100
20240612	101
20240613	102
20240614	103
20240617	104
20240618	105
20240619	106
20240620	107
20240621	108
20240624	109
20240625	110
20240626	111
20240627	112
20240628	113
20240702	114
20240703	115
20240704	116
20240705	117
20240708	118
20240709	119
20240710	120
20240711	121
20240712	122
20240715	123
20240716	124
20240717	125
20240718	126
20240719	127
20240722	128
20240723	129
20240724	130
20240725	131
20240726	132
20240729	133
20240730	134
20240731	135
20240801	136
20240802	137
20240805	138
20240806	139
20240807	140
20240808	141
20240809	142
20240812	143
20240813	144
20240814	145
20240815	146
20240816	147
20240819	148
20240820	149
20240821	150
20240822	151
20240823	152
20240826	153
20240827	154
20240828	155
20240829	156
20240830	157
20240902	158
20240903	159
20240904	160
20240905	161
20240909	162
20240910	163
20240911	164
20240912	165
20240913	166
20240919	167
20240920	168
20240923	169
20240924	170
20240925	171
20240926	172
20240927	173
20240930	174
20241008	175
20241009	176
20241010	177
20241014	178
20241015	179
20241016	180
20241017	181
20241018	182
20241021	183
20241022	184
20241023	185
20241024	186
20241025	187
20241028	188
20241029	189
20241030	190
20241031	191
20241101	192
20241104	193
20241105	194
20241106	195
20241107	196
20241108	197
20241111	198
20241112	199
20241113	200
20241114	201
20241115	202
20241118	203
20241119	204
20241120	205
20241121	206
20241122	207
20241125	208
20241126	209
20241127	210
20241128	211
20241129	212
20241202	213
20241203	214
20241204	215
20241205	216
20241206	217
20241209	218
20241210	219
20241211	220
20241212	221
20241213	222
20241216	223
20241217	224
20241218	225
20241219	226
20241220	227
20241223	228
20241224	229
20241227	230
20241230	231
20241231	232
20250102	233
20250103	234
20250106	235
20250107	236
20250108	237
20250109	238
20250110	239
20250113	240
20250114	241
20250115	242
20250116	243
20250117	244
20250120	245
20250121	246
20250122	247
20250123	248
20250124	249
20250127	250
20250205	251
20250206	252
20250207	253
20250210	254
20250211	255
20250212	256
20250213	257
20250214	258
20250217	259
20250218	260
20250219	261
20250220	262
20250221	263
20250224	264
20250225	265
20250226	266
20250227	267
20250228	268
20250303	269
20250304	270
20250305	271
20250306	272
20250307	273
20250310	274
20250311	275
20250312	276
20250313	277
20250314	278
20250317	279
20250318	280
20250319	281
20250320	282
20250321	283
20250324	284
20250325	285
20250326	286
20250327	287
20250328	288
20250331	289
20250401	290
20250402	291
20250403	292
20250407	293
20250408	294
20250409	295
20250410	296
20250411	297
20250414	298
20250415	299
20250416	300
20250417	301
20250422	302
20250423	303
20250424	304
20250425	305
20250428	306
20250429	307
20250430	308
20250506	309
20250507	310
20250508	311
20250509	312
20250512	313
20250513	314
20250514	315
20250515	316
20250516	317
20250519	318
20250520	319
20250521	320
20250522	321
20250523	322
20250526	323
20250527	324
20250528	325
20250529	326
20250530	327
20250603	328
20250604	329
20250605	330
20250606	331
20250609	332
20250610	333
20250611	334
20250612	335
20250613	336
20250616	337
20250617	338
20250618	339
20250619	340
20250620	341
20250623	342
20250624	343
20250625	344
20250626	345
20250627	346
20250630	347
20250702	348
20250703	349
20250704	350
20250707	351
20250708	352
20250709	353
20250710	354
20250711	355
20250714	356
20250715	357
20250716	358
20250717	359
20250718	360
20250721	361
20250722	362
20250723	363
20250724	364
20250725	365
20250728	366
20250729	367
20250730	368
20250731	369
20250801	370
20250804	371
20250805	372
20250806	373
20250807	374
20250808	375
20250811	376
20250812	377
20250813	378
20250814	379
20250821	380
20250822	381
20250825	382
20250826	383
20250827	384
20250828	385
20250829	386
20250901	387
20250902	388
20250903	389
20250904	390
20250905	391
20250908	392
20250909	393
20250910	394
20250911	395
20250912	396
20250915	397
20250916	398
20250917	399
20250918	400
20250919	401
20250922	402
20250923	403
20250924	404
20250925	405
20250926	406
20250929	407
20250930	408
20251009	409
20251010	410
20251013	411
20251014	412
20251015	413
20251016	414
20251017	415
20251020	416
20251021	417
20251022	418
20251023	419
20251024	420
20251027	421
20251028	422
20251030	423
20251031	424
