201501	0
201502	1
201503	2
201504	3
201505	4
201506	5
201507	6
201509	7
201511	8
201512	9
201601	10
201602	11
201603	12
201604	13
201605	14
201606	15
201607	16
201608	17
201609	18
201610	19
201611	20
201612	21
201701	22
201702	23
201703	24
201704	25
201705	26
201706	27
201707	28
201708	29
201709	30
201710	31
201711	32
201712	33
201801	34
201802	35
201803	36
201804	37
201805	38
201806	39
201807	40
201808	41
201809	42
201810	43
201811	44
201812	45
201901	46
201902	47
201903	48
201904	49
201905	50
201906	51
201907	52
201908	53
201909	54
201910	55
201911	56
201912	57
202001	58
202002	59
202003	60
202004	61
202005	62
202006	63
202007	64
202008	65
202009	66
202010	67
202011	68
202012	69
202101	70
202102	71
202103	72
202104	73
202105	74
202106	75
202107	76
202108	77
202109	78
202110	79
202111	80
202112	81
202201	82
202202	83
202203	84
202204	85
202205	86
202206	87
202207	88
202208	89
202209	90
202210	91
202211	92
202212	93
202301	94
202302	95
202303	96
202304	97
202305	98
202306	99
202307	100
202308	101
202309	102
202310	103
202311	104
202312	105
202401	106
202402	107
202403	108
202404	109
202405	110
202406	111
202407	112
202408	113
202409	114
202410	115
202411	116
202412	117
202501	118
202502	119
202503	120
202504	121
202505	122
202506	123
202507	124
202508	125
202509	126
202510	127
202511	128
202512	129
